3, 
19, 
3891, 
51000115, 
51, 
51, 
3355443, 
22517996794675, 
13107, 
1374368563, 
1374368563, 
13743895347, 
13743895347, 
900719925474099, 
3245185536584266547255619826483, 
93536104789177765995848395154525834528471331635, 
51, 
41779, 
136901427, 
14355155071795, 
14355155071795, 
13743895347, 
1511157274496296235827, 
2658455991531146119579594143249203, 
18707220957563331459467939207919150797725840179, 
18707220957563331459467939207919150797725840179, 
3689348814741910323, 
3689348814741910323, 
241785163922925834941235, 
13107, 
1374368563, 
576451956126515, 
13107, 
1374368563, 
576451956126515, 
576451956126515, 
219902325555, 
13107, 
1374368563, 
1374368563, 
13743895347, 
13743895347, 
900719925474099, 
3245185536584266547255619826483, 
93536104789177765995848395154525834528471331635, 
13107, 
1374368563, 
576451956126515, 
576451956126515, 
219902325555, 
219902325555, 
14411518807585587, 
1661534994731144818071328733213491, 
1661534994731144818071328733213491, 
15111572745182864683827, 
1826877046663628647754581862378961481986421555, 
51, 
41779, 
136901427, 
14355155071795, 
14355155071795, 
13743895347, 
1511157274496296235827, 
2658455991531146119579594143249203, 
18707220957563331459467939207919150797725840179, 
4212491666680987646281528034382519829178602998618012305797939, 
15177100720292652483458989433305504390908356998070813945959189684014132966195, 
15177100720292652483458989433305504390908356998070813945959189684014132966195, 
944473296573929042739, 
944473296573929042739, 
61897001964269013744956211, 
61299821634635554334333880887941961059088720903484211, 
971334446112864535459730950273208585627863037608175045852946496247700916628828979, 
971334446112864535459730950273208585627863037608175045852946496247700916628828979, 
1038459371706965525706099265844019, 
4313591466744102367146722413923140077014445742034071032097164964659, 
286687326998758938951352611912760812385599849321524840989151706707148447622230974486930839767969116979, 
